% $Id$
vol1153=[1.530483807,1.506527598,1.498667561,1.467829620,1.437930184,1.445322204,1.387759564,1.333555498,1.408945954,1.380812943,1.353510523,1.301286790,1.276288320,1.205466141,1.333581328,1.282482034,1.234251236,1.188710820,1.145604656,1.066140371,1.276332758,1.251847568,1.228444808,1.183207418,1.161374032,1.099214530,1.080264354,1.061498319,1.007486636,0.927573587,1.068125608,1.073394935,0.960430038,0.974396427,0.933608481,0.867320255,0.742634786,0.888225241,0.514782910,0.607301275,0.730822805,0.688777180,0.700773740,0.656321289,0.567277997,0.591574257,0.614937041,0.590833309,0.745769215,0.517130405];
vol1201=[1.446684924,1.425438782,1.418461057,1.391052252,1.364427468,1.371014213,1.319638057,1.271086284,1.338568365,1.313424557,1.288979710,1.242098903,1.219601766,1.155658165,1.271106742,1.225177972,1.181683864,1.140480931,1.101363982,1.028934398,1.219637249,1.197745357,1.176434763,1.135491701,1.115806249,1.059726588,1.042009123,1.024684510,0.975227463,0.979285226,1.115787148,1.110268102,1.023573489,1.024539904,0.978779892,0.927558809,0.876299135,0.936786040,0.741430844,0.826847444,0.880641984,0.868088561,0.848572031,0.807572335,0.749202620,0.718187264,0.768919202,0.733536602,0.331188226,0.660959669,0.596746900,0.284304419];
vol157=[1.631954034,1.535670740,1.505493136,1.391974501,1.292495735,1.184245863,1.143876804,0.544277179,0.663187695,0.762707945,0.682177989,0.676709158];
vol1641=[1.440557473,1.423375743,1.417717324,1.395414716,1.373632943,1.379031639,1.336722427,1.296325083,1.352361739,1.331573759,1.311259727,1.272004789,1.253029522,1.198582580,1.296336546,1.257738723,1.220833663,1.185537712,1.151732879,1.088320135,1.253049701,1.234495493,1.216348815,1.181238897,1.164245435,1.115408261,1.099831898,1.084553075,1.040579314,0.973013803,1.185562702,1.151760782,1.119378395,1.088352286,1.058579582,1.002586021,1.002621801,0.976263208,0.926573002,0.848119558,1.148361310,1.072038060,1.079445045,1.005826200,1.037831654,1.017120026,0.998189547,0.956266561,0.900981707,0.947397954,0.893022039,0.855402474,0.812641256,0.534158040,0.828690962,0.758538467,0.786880960,0.751880667,0.727170097,0.705962674,0.706701398,0.623308524,0.625521031,0.504341823,0.640662613];
vol181=[1.557197342,1.475638599,1.449891914,1.353189800,1.265726063,1.257478158,1.143449861,0.867360614,0.916638067,0.941799006,0.876164580,0.680232216,0.446639935];
vol2219=[1.505121070,1.489976664,1.484979284,1.465238599,1.445887570,1.450690186,1.412933787,1.376628798,1.426920552,1.408319736,1.390079275,1.354647165,1.337433577,1.287715875,1.376636112,1.341709594,1.308091965,1.275727388,1.244537730,1.185493797,1.337446889,1.320558861,1.303987791,1.271769831,1.256103221,1.210801263,1.196257744,1.181957623,1.140562744,1.076248562,1.275744251,1.244556275,1.214494529,1.185514921,1.157548120,1.104503656,1.104527061,1.079353193,1.031520819,0.965522326,1.225660319,1.210791449,1.196275653,1.167936679,1.154120670,1.114126038,1.101334973,1.088699029,1.052054918,0.994966635,1.016501264,1.006039569,0.973444954,1.029238786,0.582915050,1.048921001,1.069589568,0.969450295,0.997077538,0.965564694,0.920935290,0.899199550,0.947443233,0.878713834,0.772370477,0.824636934,0.731855045,0.714030868,0.612632521,0.730380060,0.695547500,0.713530219,0.672754091,0.594693561,0.621153721,0.651512631,0.640544911,0.565101417,0.574186430,0.602478752,0.596714037,0.355228919,0.484357996,0.484609035,0.264366786];
vol27=[1.127100907,1.035830477,0.904992510,1.013024964];
vol2867=[1.481288584,1.468836350,1.464720451,1.448428253,1.432405606,1.436386877,1.404999015,1.374626705,1.416649394,1.401148970,1.385900925,1.356143134,1.341620324,1.299424157,1.374630959,1.345231039,1.316762355,1.289190759,1.262469416,1.211459745,1.341628066,1.327337106,1.313272820,1.285807501,1.272394615,1.233391532,1.220796278,1.208382864,1.172257999,1.115550233,1.289201159,1.262480702,1.236580358,1.211472299,1.187114167,1.140550931,1.140564725,1.118298667,1.075679009,1.016177083,1.246212054,1.233412068,1.220807529,1.196172902,1.184131922,1.149080145,1.137750125,1.126576071,1.094024246,1.042823256,1.062886327,1.052791779,1.023356392,0.976970691,1.047801385,1.187141212,1.162488565,1.140575977,1.117948249,1.096647445,1.055292680,1.055305441,1.034595389,0.996634318,0.944225075,0.979247137,0.960615408,0.927441898,0.929244743,1.072417134,1.003629131,0.995170845,0.938658528,0.988916272,0.986250099,0.971020583,0.920251758,0.875340827,0.882115083,0.906708443,0.861418776,0.831295633,0.835342204,0.606239452,0.639454416,0.765039251,0.874455487,0.505964185,0.696225758,0.636349663,0.672112092,0.625370475,0.648634502,0.597616250,0.630961801,0.527780543,0.575315440,0.564152421,0.549412898,0.558798365,0.532694026,0.699000889,0.509660980];
vol2947=[1.420989997,1.409577705,1.405804482,1.390860333,1.376153033,1.379808386,1.350970567,1.323025727,1.361679259,1.347430318,1.333403405,1.305999463,1.292611661,1.253659898,1.323029226,1.295940943,1.269674354,1.244200886,1.219480730,1.172199806,1.292618297,1.279435003,1.266451808,1.241072391,1.228666114,1.192542752,1.180861895,1.169343135,1.135780735,1.082968928,1.244209636,1.219490157,1.195498249,1.172210293,1.149590273,1.106270965,1.106282561,1.085531172,1.045742161,0.990038859,1.204423005,1.192560275,1.180871597,1.158004962,1.146818107,1.114212975,1.103660301,1.093247916,1.062879663,1.015005890,1.033779060,1.024335244,0.996767973,0.953234584,0.896924301,1.149613343,1.127641781,1.106292330,1.085546580,1.065372735,1.026676340,1.026688780,1.008121985,0.972468414,0.922433373,0.955374587,0.938695951,0.906623116,0.956149271,0.515496716,1.128372899,1.062131706,1.073840475,1.012419106,1.045129882,1.035954313,1.022083643,0.985086963,0.941399966,0.937450578,0.951024452,0.929668762,0.890096519,0.878960565,0.785846469,0.795328756,0.860159170,0.873897980,0.713434818,0.849651281,0.787706510,0.822612082,0.793807423,0.772981515,0.763825016,0.762570590,0.684985355,0.697592376,0.690875655,0.695474653,0.699718845,0.668166359,0.369603263,0.575838462,0.533530361,0.331679710];
vol309=[1.461533157,1.409259683,1.392462944,1.328137918,1.268130640,1.282780968,1.172478543,1.075693101,1.233710248,1.121494943,1.095830858,0.918989681,0.969268812,0.691509784,0.872381687,0.757190992,0.740975165,0.782871778];
vol3733=[1.443808236,1.433787384,1.430470154,1.417315222,1.404340690,1.407567823,1.382059829,1.357237650,1.391544366,1.378920731,1.366467652,1.342063056,1.330104090,1.295170330,1.357240243,1.333079861,1.309557907,1.286654511,1.264343096,1.221426375,1.330108477,1.318308548,1.306664376,1.283835172,1.272643021,1.239930776,1.229310796,1.218821272,1.188145699,1.139532910,1.286660531,1.264349546,1.242612623,1.221433297,1.200786936,1.161034027,1.161041806,1.141898767,1.105005882,1.052930754,1.250705548,1.239942662,1.229317726,1.208474206,1.198249302,1.168341503,1.158625607,1.149024237,1.120925722,1.076333291,1.093858553,1.085047761,1.059245258,1.018241460,0.964720767,1.200803011,1.180675645,1.161048871,1.141909419,1.123235341,1.087235506,1.087243792,1.069886439,1.036396015,0.989033939,1.020256414,1.004469090,0.973974709,0.930773152,0.981757846,1.158643237,1.149042646,1.139560531,1.120945895,1.111807914,1.085054409,1.076355969,1.067755412,1.042563366,1.002514768,1.018266458,1.010349832,0.987146265,0.950212634,0.901891283,0.950239326,0.943099565,0.922156862,0.888771436,0.836159167,1.030618751,1.057496256,0.970933325,1.004069916,0.975734729,0.952983194,0.922900476,0.976546764,0.915262993,0.829507715,0.903968152,0.865655887,0.856891488,0.870080375,0.526429412,0.827942230,0.725965624,0.751157524,0.491015315,0.652593023,0.744791205,0.724292715,0.735357884,0.699961674,0.643360408,0.645711438,0.692635874,0.683791224,0.616005518,0.623298397,0.654247081,0.649052540,0.593275081,0.564934146,0.625410635,0.598690913,0.543955398,0.563506355,0.421881370,0.594811042,0.582510246];
